  0.965432  -0.158025 -0.0592593  -0.158025 -0.0691358  -0.158025 -0.0592593  -0.158025 -0.0691358 -0.0345679 
-0.0345679   0.841975 -0.0592593  -0.158025 -0.0691358  -0.158025 -0.0592593  -0.158025 -0.0691358 -0.0345679 
-0.0345679  -0.158025   0.940741  -0.158025 -0.0691358  -0.158025 -0.0592593  -0.158025 -0.0691358 -0.0345679 
-0.0345679  -0.158025 -0.0592593   0.841975 -0.0691358  -0.158025 -0.0592593  -0.158025 -0.0691358 -0.0345679 
-0.0345679  -0.158025 -0.0592593  -0.158025   0.930864  -0.158025 -0.0592593  -0.158025 -0.0691358 -0.0345679 
-0.0345679  -0.158025 -0.0592593  -0.158025 -0.0691358   0.841975 -0.0592593  -0.158025 -0.0691358 -0.0345679 
-0.0345679  -0.158025 -0.0592593  -0.158025 -0.0691358  -0.158025   0.940741  -0.158025 -0.0691358 -0.0345679 
-0.0345679  -0.158025 -0.0592593  -0.158025 -0.0691358  -0.158025 -0.0592593   0.841975 -0.0691358 -0.0345679 
-0.0345679  -0.158025 -0.0592593  -0.158025 -0.0691358  -0.158025 -0.0592593  -0.158025   0.930864 -0.0345679 
-0.0345679  -0.158025 -0.0592593  -0.158025 -0.0691358  -0.158025 -0.0592593  -0.158025 -0.0691358   0.965432 
