  0.969697  -0.121212 -0.0606061  -0.121212 -0.0606061  -0.121212 -0.0606061  -0.121212 -0.0606061  -0.121212 -0.0606061  -0.030303 
 -0.030303   0.878788 -0.0606061  -0.121212 -0.0606061  -0.121212 -0.0606061  -0.121212 -0.0606061  -0.121212 -0.0606061  -0.030303 
 -0.030303  -0.121212   0.939394  -0.121212 -0.0606061  -0.121212 -0.0606061  -0.121212 -0.0606061  -0.121212 -0.0606061  -0.030303 
 -0.030303  -0.121212 -0.0606061   0.878788 -0.0606061  -0.121212 -0.0606061  -0.121212 -0.0606061  -0.121212 -0.0606061  -0.030303 
 -0.030303  -0.121212 -0.0606061  -0.121212   0.939394  -0.121212 -0.0606061  -0.121212 -0.0606061  -0.121212 -0.0606061  -0.030303 
 -0.030303  -0.121212 -0.0606061  -0.121212 -0.0606061   0.878788 -0.0606061  -0.121212 -0.0606061  -0.121212 -0.0606061  -0.030303 
 -0.030303  -0.121212 -0.0606061  -0.121212 -0.0606061  -0.121212   0.939394  -0.121212 -0.0606061  -0.121212 -0.0606061  -0.030303 
 -0.030303  -0.121212 -0.0606061  -0.121212 -0.0606061  -0.121212 -0.0606061   0.878788 -0.0606061  -0.121212 -0.0606061  -0.030303 
 -0.030303  -0.121212 -0.0606061  -0.121212 -0.0606061  -0.121212 -0.0606061  -0.121212   0.939394  -0.121212 -0.0606061  -0.030303 
 -0.030303  -0.121212 -0.0606061  -0.121212 -0.0606061  -0.121212 -0.0606061  -0.121212 -0.0606061   0.878788 -0.0606061  -0.030303 
 -0.030303  -0.121212 -0.0606061  -0.121212 -0.0606061  -0.121212 -0.0606061  -0.121212 -0.0606061  -0.121212   0.939394  -0.030303 
 -0.030303  -0.121212 -0.0606061  -0.121212 -0.0606061  -0.121212 -0.0606061  -0.121212 -0.0606061  -0.121212 -0.0606061   0.969697 
