  0.983626 -0.0748538 -0.0280702 -0.0748538 -0.0327485 -0.0748538 -0.0280702 -0.0748538 -0.0327485 -0.0748538 -0.0280702 -0.0748538 -0.0327485 -0.0748538 -0.0280702 -0.0748538 -0.0327485 -0.0748538 -0.0280702 -0.0163743 
-0.0163743   0.925146 -0.0280702 -0.0748538 -0.0327485 -0.0748538 -0.0280702 -0.0748538 -0.0327485 -0.0748538 -0.0280702 -0.0748538 -0.0327485 -0.0748538 -0.0280702 -0.0748538 -0.0327485 -0.0748538 -0.0280702 -0.0163743 
-0.0163743 -0.0748538    0.97193 -0.0748538 -0.0327485 -0.0748538 -0.0280702 -0.0748538 -0.0327485 -0.0748538 -0.0280702 -0.0748538 -0.0327485 -0.0748538 -0.0280702 -0.0748538 -0.0327485 -0.0748538 -0.0280702 -0.0163743 
-0.0163743 -0.0748538 -0.0280702   0.925146 -0.0327485 -0.0748538 -0.0280702 -0.0748538 -0.0327485 -0.0748538 -0.0280702 -0.0748538 -0.0327485 -0.0748538 -0.0280702 -0.0748538 -0.0327485 -0.0748538 -0.0280702 -0.0163743 
-0.0163743 -0.0748538 -0.0280702 -0.0748538   0.967251 -0.0748538 -0.0280702 -0.0748538 -0.0327485 -0.0748538 -0.0280702 -0.0748538 -0.0327485 -0.0748538 -0.0280702 -0.0748538 -0.0327485 -0.0748538 -0.0280702 -0.0163743 
-0.0163743 -0.0748538 -0.0280702 -0.0748538 -0.0327485   0.925146 -0.0280702 -0.0748538 -0.0327485 -0.0748538 -0.0280702 -0.0748538 -0.0327485 -0.0748538 -0.0280702 -0.0748538 -0.0327485 -0.0748538 -0.0280702 -0.0163743 
-0.0163743 -0.0748538 -0.0280702 -0.0748538 -0.0327485 -0.0748538    0.97193 -0.0748538 -0.0327485 -0.0748538 -0.0280702 -0.0748538 -0.0327485 -0.0748538 -0.0280702 -0.0748538 -0.0327485 -0.0748538 -0.0280702 -0.0163743 
-0.0163743 -0.0748538 -0.0280702 -0.0748538 -0.0327485 -0.0748538 -0.0280702   0.925146 -0.0327485 -0.0748538 -0.0280702 -0.0748538 -0.0327485 -0.0748538 -0.0280702 -0.0748538 -0.0327485 -0.0748538 -0.0280702 -0.0163743 
-0.0163743 -0.0748538 -0.0280702 -0.0748538 -0.0327485 -0.0748538 -0.0280702 -0.0748538   0.967251 -0.0748538 -0.0280702 -0.0748538 -0.0327485 -0.0748538 -0.0280702 -0.0748538 -0.0327485 -0.0748538 -0.0280702 -0.0163743 
-0.0163743 -0.0748538 -0.0280702 -0.0748538 -0.0327485 -0.0748538 -0.0280702 -0.0748538 -0.0327485   0.925146 -0.0280702 -0.0748538 -0.0327485 -0.0748538 -0.0280702 -0.0748538 -0.0327485 -0.0748538 -0.0280702 -0.0163743 
-0.0163743 -0.0748538 -0.0280702 -0.0748538 -0.0327485 -0.0748538 -0.0280702 -0.0748538 -0.0327485 -0.0748538    0.97193 -0.0748538 -0.0327485 -0.0748538 -0.0280702 -0.0748538 -0.0327485 -0.0748538 -0.0280702 -0.0163743 
-0.0163743 -0.0748538 -0.0280702 -0.0748538 -0.0327485 -0.0748538 -0.0280702 -0.0748538 -0.0327485 -0.0748538 -0.0280702   0.925146 -0.0327485 -0.0748538 -0.0280702 -0.0748538 -0.0327485 -0.0748538 -0.0280702 -0.0163743 
-0.0163743 -0.0748538 -0.0280702 -0.0748538 -0.0327485 -0.0748538 -0.0280702 -0.0748538 -0.0327485 -0.0748538 -0.0280702 -0.0748538   0.967251 -0.0748538 -0.0280702 -0.0748538 -0.0327485 -0.0748538 -0.0280702 -0.0163743 
-0.0163743 -0.0748538 -0.0280702 -0.0748538 -0.0327485 -0.0748538 -0.0280702 -0.0748538 -0.0327485 -0.0748538 -0.0280702 -0.0748538 -0.0327485   0.925146 -0.0280702 -0.0748538 -0.0327485 -0.0748538 -0.0280702 -0.0163743 
-0.0163743 -0.0748538 -0.0280702 -0.0748538 -0.0327485 -0.0748538 -0.0280702 -0.0748538 -0.0327485 -0.0748538 -0.0280702 -0.0748538 -0.0327485 -0.0748538    0.97193 -0.0748538 -0.0327485 -0.0748538 -0.0280702 -0.0163743 
-0.0163743 -0.0748538 -0.0280702 -0.0748538 -0.0327485 -0.0748538 -0.0280702 -0.0748538 -0.0327485 -0.0748538 -0.0280702 -0.0748538 -0.0327485 -0.0748538 -0.0280702   0.925146 -0.0327485 -0.0748538 -0.0280702 -0.0163743 
-0.0163743 -0.0748538 -0.0280702 -0.0748538 -0.0327485 -0.0748538 -0.0280702 -0.0748538 -0.0327485 -0.0748538 -0.0280702 -0.0748538 -0.0327485 -0.0748538 -0.0280702 -0.0748538   0.967251 -0.0748538 -0.0280702 -0.0163743 
-0.0163743 -0.0748538 -0.0280702 -0.0748538 -0.0327485 -0.0748538 -0.0280702 -0.0748538 -0.0327485 -0.0748538 -0.0280702 -0.0748538 -0.0327485 -0.0748538 -0.0280702 -0.0748538 -0.0327485   0.925146 -0.0280702 -0.0163743 
-0.0163743 -0.0748538 -0.0280702 -0.0748538 -0.0327485 -0.0748538 -0.0280702 -0.0748538 -0.0327485 -0.0748538 -0.0280702 -0.0748538 -0.0327485 -0.0748538 -0.0280702 -0.0748538 -0.0327485 -0.0748538    0.97193 -0.0163743 
-0.0163743 -0.0748538 -0.0280702 -0.0748538 -0.0327485 -0.0748538 -0.0280702 -0.0748538 -0.0327485 -0.0748538 -0.0280702 -0.0748538 -0.0327485 -0.0748538 -0.0280702 -0.0748538 -0.0327485 -0.0748538 -0.0280702   0.983626 
