  0.985507  -0.057971 -0.0289855  -0.057971 -0.0289855  -0.057971 -0.0289855  -0.057971 -0.0289855  -0.057971 -0.0289855  -0.057971 -0.0289855  -0.057971 -0.0289855  -0.057971 -0.0289855  -0.057971 -0.0289855  -0.057971 -0.0289855  -0.057971 -0.0289855 -0.0144928 
-0.0144928   0.942029 -0.0289855  -0.057971 -0.0289855  -0.057971 -0.0289855  -0.057971 -0.0289855  -0.057971 -0.0289855  -0.057971 -0.0289855  -0.057971 -0.0289855  -0.057971 -0.0289855  -0.057971 -0.0289855  -0.057971 -0.0289855  -0.057971 -0.0289855 -0.0144928 
-0.0144928  -0.057971   0.971014  -0.057971 -0.0289855  -0.057971 -0.0289855  -0.057971 -0.0289855  -0.057971 -0.0289855  -0.057971 -0.0289855  -0.057971 -0.0289855  -0.057971 -0.0289855  -0.057971 -0.0289855  -0.057971 -0.0289855  -0.057971 -0.0289855 -0.0144928 
-0.0144928  -0.057971 -0.0289855   0.942029 -0.0289855  -0.057971 -0.0289855  -0.057971 -0.0289855  -0.057971 -0.0289855  -0.057971 -0.0289855  -0.057971 -0.0289855  -0.057971 -0.0289855  -0.057971 -0.0289855  -0.057971 -0.0289855  -0.057971 -0.0289855 -0.0144928 
-0.0144928  -0.057971 -0.0289855  -0.057971   0.971014  -0.057971 -0.0289855  -0.057971 -0.0289855  -0.057971 -0.0289855  -0.057971 -0.0289855  -0.057971 -0.0289855  -0.057971 -0.0289855  -0.057971 -0.0289855  -0.057971 -0.0289855  -0.057971 -0.0289855 -0.0144928 
-0.0144928  -0.057971 -0.0289855  -0.057971 -0.0289855   0.942029 -0.0289855  -0.057971 -0.0289855  -0.057971 -0.0289855  -0.057971 -0.0289855  -0.057971 -0.0289855  -0.057971 -0.0289855  -0.057971 -0.0289855  -0.057971 -0.0289855  -0.057971 -0.0289855 -0.0144928 
-0.0144928  -0.057971 -0.0289855  -0.057971 -0.0289855  -0.057971   0.971014  -0.057971 -0.0289855  -0.057971 -0.0289855  -0.057971 -0.0289855  -0.057971 -0.0289855  -0.057971 -0.0289855  -0.057971 -0.0289855  -0.057971 -0.0289855  -0.057971 -0.0289855 -0.0144928 
-0.0144928  -0.057971 -0.0289855  -0.057971 -0.0289855  -0.057971 -0.0289855   0.942029 -0.0289855  -0.057971 -0.0289855  -0.057971 -0.0289855  -0.057971 -0.0289855  -0.057971 -0.0289855  -0.057971 -0.0289855  -0.057971 -0.0289855  -0.057971 -0.0289855 -0.0144928 
-0.0144928  -0.057971 -0.0289855  -0.057971 -0.0289855  -0.057971 -0.0289855  -0.057971   0.971014  -0.057971 -0.0289855  -0.057971 -0.0289855  -0.057971 -0.0289855  -0.057971 -0.0289855  -0.057971 -0.0289855  -0.057971 -0.0289855  -0.057971 -0.0289855 -0.0144928 
-0.0144928  -0.057971 -0.0289855  -0.057971 -0.0289855  -0.057971 -0.0289855  -0.057971 -0.0289855   0.942029 -0.0289855  -0.057971 -0.0289855  -0.057971 -0.0289855  -0.057971 -0.0289855  -0.057971 -0.0289855  -0.057971 -0.0289855  -0.057971 -0.0289855 -0.0144928 
-0.0144928  -0.057971 -0.0289855  -0.057971 -0.0289855  -0.057971 -0.0289855  -0.057971 -0.0289855  -0.057971   0.971014  -0.057971 -0.0289855  -0.057971 -0.0289855  -0.057971 -0.0289855  -0.057971 -0.0289855  -0.057971 -0.0289855  -0.057971 -0.0289855 -0.0144928 
-0.0144928  -0.057971 -0.0289855  -0.057971 -0.0289855  -0.057971 -0.0289855  -0.057971 -0.0289855  -0.057971 -0.0289855   0.942029 -0.0289855  -0.057971 -0.0289855  -0.057971 -0.0289855  -0.057971 -0.0289855  -0.057971 -0.0289855  -0.057971 -0.0289855 -0.0144928 
-0.0144928  -0.057971 -0.0289855  -0.057971 -0.0289855  -0.057971 -0.0289855  -0.057971 -0.0289855  -0.057971 -0.0289855  -0.057971   0.971014  -0.057971 -0.0289855  -0.057971 -0.0289855  -0.057971 -0.0289855  -0.057971 -0.0289855  -0.057971 -0.0289855 -0.0144928 
-0.0144928  -0.057971 -0.0289855  -0.057971 -0.0289855  -0.057971 -0.0289855  -0.057971 -0.0289855  -0.057971 -0.0289855  -0.057971 -0.0289855   0.942029 -0.0289855  -0.057971 -0.0289855  -0.057971 -0.0289855  -0.057971 -0.0289855  -0.057971 -0.0289855 -0.0144928 
-0.0144928  -0.057971 -0.0289855  -0.057971 -0.0289855  -0.057971 -0.0289855  -0.057971 -0.0289855  -0.057971 -0.0289855  -0.057971 -0.0289855  -0.057971   0.971014  -0.057971 -0.0289855  -0.057971 -0.0289855  -0.057971 -0.0289855  -0.057971 -0.0289855 -0.0144928 
-0.0144928  -0.057971 -0.0289855  -0.057971 -0.0289855  -0.057971 -0.0289855  -0.057971 -0.0289855  -0.057971 -0.0289855  -0.057971 -0.0289855  -0.057971 -0.0289855   0.942029 -0.0289855  -0.057971 -0.0289855  -0.057971 -0.0289855  -0.057971 -0.0289855 -0.0144928 
-0.0144928  -0.057971 -0.0289855  -0.057971 -0.0289855  -0.057971 -0.0289855  -0.057971 -0.0289855  -0.057971 -0.0289855  -0.057971 -0.0289855  -0.057971 -0.0289855  -0.057971   0.971014  -0.057971 -0.0289855  -0.057971 -0.0289855  -0.057971 -0.0289855 -0.0144928 
-0.0144928  -0.057971 -0.0289855  -0.057971 -0.0289855  -0.057971 -0.0289855  -0.057971 -0.0289855  -0.057971 -0.0289855  -0.057971 -0.0289855  -0.057971 -0.0289855  -0.057971 -0.0289855   0.942029 -0.0289855  -0.057971 -0.0289855  -0.057971 -0.0289855 -0.0144928 
-0.0144928  -0.057971 -0.0289855  -0.057971 -0.0289855  -0.057971 -0.0289855  -0.057971 -0.0289855  -0.057971 -0.0289855  -0.057971 -0.0289855  -0.057971 -0.0289855  -0.057971 -0.0289855  -0.057971   0.971014  -0.057971 -0.0289855  -0.057971 -0.0289855 -0.0144928 
-0.0144928  -0.057971 -0.0289855  -0.057971 -0.0289855  -0.057971 -0.0289855  -0.057971 -0.0289855  -0.057971 -0.0289855  -0.057971 -0.0289855  -0.057971 -0.0289855  -0.057971 -0.0289855  -0.057971 -0.0289855   0.942029 -0.0289855  -0.057971 -0.0289855 -0.0144928 
-0.0144928  -0.057971 -0.0289855  -0.057971 -0.0289855  -0.057971 -0.0289855  -0.057971 -0.0289855  -0.057971 -0.0289855  -0.057971 -0.0289855  -0.057971 -0.0289855  -0.057971 -0.0289855  -0.057971 -0.0289855  -0.057971   0.971014  -0.057971 -0.0289855 -0.0144928 
-0.0144928  -0.057971 -0.0289855  -0.057971 -0.0289855  -0.057971 -0.0289855  -0.057971 -0.0289855  -0.057971 -0.0289855  -0.057971 -0.0289855  -0.057971 -0.0289855  -0.057971 -0.0289855  -0.057971 -0.0289855  -0.057971 -0.0289855   0.942029 -0.0289855 -0.0144928 
-0.0144928  -0.057971 -0.0289855  -0.057971 -0.0289855  -0.057971 -0.0289855  -0.057971 -0.0289855  -0.057971 -0.0289855  -0.057971 -0.0289855  -0.057971 -0.0289855  -0.057971 -0.0289855  -0.057971 -0.0289855  -0.057971 -0.0289855  -0.057971   0.971014 -0.0144928 
-0.0144928  -0.057971 -0.0289855  -0.057971 -0.0289855  -0.057971 -0.0289855  -0.057971 -0.0289855  -0.057971 -0.0289855  -0.057971 -0.0289855  -0.057971 -0.0289855  -0.057971 -0.0289855  -0.057971 -0.0289855  -0.057971 -0.0289855  -0.057971 -0.0289855   0.985507 
