  0.992023 -0.0364672 -0.0136752 -0.0364672 -0.0159544 -0.0364672 -0.0136752 -0.0364672 -0.0159544 -0.0364672 -0.0136752 -0.0364672 -0.0159544 -0.0364672 -0.0136752 -0.0364672 -0.0159544 -0.0364672 -0.0136752 -0.0364672 -0.0159544 -0.0364672 -0.0136752 -0.0364672 -0.0159544 -0.0364672 -0.0136752 -0.0364672 -0.0159544 -0.0364672 -0.0136752 -0.0364672 -0.0159544 -0.0364672 -0.0136752 -0.0364672 -0.0159544 -0.0364672 -0.0136752 -0.00797721 
-0.00797721   0.963533 -0.0136752 -0.0364672 -0.0159544 -0.0364672 -0.0136752 -0.0364672 -0.0159544 -0.0364672 -0.0136752 -0.0364672 -0.0159544 -0.0364672 -0.0136752 -0.0364672 -0.0159544 -0.0364672 -0.0136752 -0.0364672 -0.0159544 -0.0364672 -0.0136752 -0.0364672 -0.0159544 -0.0364672 -0.0136752 -0.0364672 -0.0159544 -0.0364672 -0.0136752 -0.0364672 -0.0159544 -0.0364672 -0.0136752 -0.0364672 -0.0159544 -0.0364672 -0.0136752 -0.00797721 
-0.00797721 -0.0364672   0.986325 -0.0364672 -0.0159544 -0.0364672 -0.0136752 -0.0364672 -0.0159544 -0.0364672 -0.0136752 -0.0364672 -0.0159544 -0.0364672 -0.0136752 -0.0364672 -0.0159544 -0.0364672 -0.0136752 -0.0364672 -0.0159544 -0.0364672 -0.0136752 -0.0364672 -0.0159544 -0.0364672 -0.0136752 -0.0364672 -0.0159544 -0.0364672 -0.0136752 -0.0364672 -0.0159544 -0.0364672 -0.0136752 -0.0364672 -0.0159544 -0.0364672 -0.0136752 -0.00797721 
-0.00797721 -0.0364672 -0.0136752   0.963533 -0.0159544 -0.0364672 -0.0136752 -0.0364672 -0.0159544 -0.0364672 -0.0136752 -0.0364672 -0.0159544 -0.0364672 -0.0136752 -0.0364672 -0.0159544 -0.0364672 -0.0136752 -0.0364672 -0.0159544 -0.0364672 -0.0136752 -0.0364672 -0.0159544 -0.0364672 -0.0136752 -0.0364672 -0.0159544 -0.0364672 -0.0136752 -0.0364672 -0.0159544 -0.0364672 -0.0136752 -0.0364672 -0.0159544 -0.0364672 -0.0136752 -0.00797721 
-0.00797721 -0.0364672 -0.0136752 -0.0364672   0.984046 -0.0364672 -0.0136752 -0.0364672 -0.0159544 -0.0364672 -0.0136752 -0.0364672 -0.0159544 -0.0364672 -0.0136752 -0.0364672 -0.0159544 -0.0364672 -0.0136752 -0.0364672 -0.0159544 -0.0364672 -0.0136752 -0.0364672 -0.0159544 -0.0364672 -0.0136752 -0.0364672 -0.0159544 -0.0364672 -0.0136752 -0.0364672 -0.0159544 -0.0364672 -0.0136752 -0.0364672 -0.0159544 -0.0364672 -0.0136752 -0.00797721 
-0.00797721 -0.0364672 -0.0136752 -0.0364672 -0.0159544   0.963533 -0.0136752 -0.0364672 -0.0159544 -0.0364672 -0.0136752 -0.0364672 -0.0159544 -0.0364672 -0.0136752 -0.0364672 -0.0159544 -0.0364672 -0.0136752 -0.0364672 -0.0159544 -0.0364672 -0.0136752 -0.0364672 -0.0159544 -0.0364672 -0.0136752 -0.0364672 -0.0159544 -0.0364672 -0.0136752 -0.0364672 -0.0159544 -0.0364672 -0.0136752 -0.0364672 -0.0159544 -0.0364672 -0.0136752 -0.00797721 
-0.00797721 -0.0364672 -0.0136752 -0.0364672 -0.0159544 -0.0364672   0.986325 -0.0364672 -0.0159544 -0.0364672 -0.0136752 -0.0364672 -0.0159544 -0.0364672 -0.0136752 -0.0364672 -0.0159544 -0.0364672 -0.0136752 -0.0364672 -0.0159544 -0.0364672 -0.0136752 -0.0364672 -0.0159544 -0.0364672 -0.0136752 -0.0364672 -0.0159544 -0.0364672 -0.0136752 -0.0364672 -0.0159544 -0.0364672 -0.0136752 -0.0364672 -0.0159544 -0.0364672 -0.0136752 -0.00797721 
-0.00797721 -0.0364672 -0.0136752 -0.0364672 -0.0159544 -0.0364672 -0.0136752   0.963533 -0.0159544 -0.0364672 -0.0136752 -0.0364672 -0.0159544 -0.0364672 -0.0136752 -0.0364672 -0.0159544 -0.0364672 -0.0136752 -0.0364672 -0.0159544 -0.0364672 -0.0136752 -0.0364672 -0.0159544 -0.0364672 -0.0136752 -0.0364672 -0.0159544 -0.0364672 -0.0136752 -0.0364672 -0.0159544 -0.0364672 -0.0136752 -0.0364672 -0.0159544 -0.0364672 -0.0136752 -0.00797721 
-0.00797721 -0.0364672 -0.0136752 -0.0364672 -0.0159544 -0.0364672 -0.0136752 -0.0364672   0.984046 -0.0364672 -0.0136752 -0.0364672 -0.0159544 -0.0364672 -0.0136752 -0.0364672 -0.0159544 -0.0364672 -0.0136752 -0.0364672 -0.0159544 -0.0364672 -0.0136752 -0.0364672 -0.0159544 -0.0364672 -0.0136752 -0.0364672 -0.0159544 -0.0364672 -0.0136752 -0.0364672 -0.0159544 -0.0364672 -0.0136752 -0.0364672 -0.0159544 -0.0364672 -0.0136752 -0.00797721 
-0.00797721 -0.0364672 -0.0136752 -0.0364672 -0.0159544 -0.0364672 -0.0136752 -0.0364672 -0.0159544   0.963533 -0.0136752 -0.0364672 -0.0159544 -0.0364672 -0.0136752 -0.0364672 -0.0159544 -0.0364672 -0.0136752 -0.0364672 -0.0159544 -0.0364672 -0.0136752 -0.0364672 -0.0159544 -0.0364672 -0.0136752 -0.0364672 -0.0159544 -0.0364672 -0.0136752 -0.0364672 -0.0159544 -0.0364672 -0.0136752 -0.0364672 -0.0159544 -0.0364672 -0.0136752 -0.00797721 
-0.00797721 -0.0364672 -0.0136752 -0.0364672 -0.0159544 -0.0364672 -0.0136752 -0.0364672 -0.0159544 -0.0364672   0.986325 -0.0364672 -0.0159544 -0.0364672 -0.0136752 -0.0364672 -0.0159544 -0.0364672 -0.0136752 -0.0364672 -0.0159544 -0.0364672 -0.0136752 -0.0364672 -0.0159544 -0.0364672 -0.0136752 -0.0364672 -0.0159544 -0.0364672 -0.0136752 -0.0364672 -0.0159544 -0.0364672 -0.0136752 -0.0364672 -0.0159544 -0.0364672 -0.0136752 -0.00797721 
-0.00797721 -0.0364672 -0.0136752 -0.0364672 -0.0159544 -0.0364672 -0.0136752 -0.0364672 -0.0159544 -0.0364672 -0.0136752   0.963533 -0.0159544 -0.0364672 -0.0136752 -0.0364672 -0.0159544 -0.0364672 -0.0136752 -0.0364672 -0.0159544 -0.0364672 -0.0136752 -0.0364672 -0.0159544 -0.0364672 -0.0136752 -0.0364672 -0.0159544 -0.0364672 -0.0136752 -0.0364672 -0.0159544 -0.0364672 -0.0136752 -0.0364672 -0.0159544 -0.0364672 -0.0136752 -0.00797721 
-0.00797721 -0.0364672 -0.0136752 -0.0364672 -0.0159544 -0.0364672 -0.0136752 -0.0364672 -0.0159544 -0.0364672 -0.0136752 -0.0364672   0.984046 -0.0364672 -0.0136752 -0.0364672 -0.0159544 -0.0364672 -0.0136752 -0.0364672 -0.0159544 -0.0364672 -0.0136752 -0.0364672 -0.0159544 -0.0364672 -0.0136752 -0.0364672 -0.0159544 -0.0364672 -0.0136752 -0.0364672 -0.0159544 -0.0364672 -0.0136752 -0.0364672 -0.0159544 -0.0364672 -0.0136752 -0.00797721 
-0.00797721 -0.0364672 -0.0136752 -0.0364672 -0.0159544 -0.0364672 -0.0136752 -0.0364672 -0.0159544 -0.0364672 -0.0136752 -0.0364672 -0.0159544   0.963533 -0.0136752 -0.0364672 -0.0159544 -0.0364672 -0.0136752 -0.0364672 -0.0159544 -0.0364672 -0.0136752 -0.0364672 -0.0159544 -0.0364672 -0.0136752 -0.0364672 -0.0159544 -0.0364672 -0.0136752 -0.0364672 -0.0159544 -0.0364672 -0.0136752 -0.0364672 -0.0159544 -0.0364672 -0.0136752 -0.00797721 
-0.00797721 -0.0364672 -0.0136752 -0.0364672 -0.0159544 -0.0364672 -0.0136752 -0.0364672 -0.0159544 -0.0364672 -0.0136752 -0.0364672 -0.0159544 -0.0364672   0.986325 -0.0364672 -0.0159544 -0.0364672 -0.0136752 -0.0364672 -0.0159544 -0.0364672 -0.0136752 -0.0364672 -0.0159544 -0.0364672 -0.0136752 -0.0364672 -0.0159544 -0.0364672 -0.0136752 -0.0364672 -0.0159544 -0.0364672 -0.0136752 -0.0364672 -0.0159544 -0.0364672 -0.0136752 -0.00797721 
-0.00797721 -0.0364672 -0.0136752 -0.0364672 -0.0159544 -0.0364672 -0.0136752 -0.0364672 -0.0159544 -0.0364672 -0.0136752 -0.0364672 -0.0159544 -0.0364672 -0.0136752   0.963533 -0.0159544 -0.0364672 -0.0136752 -0.0364672 -0.0159544 -0.0364672 -0.0136752 -0.0364672 -0.0159544 -0.0364672 -0.0136752 -0.0364672 -0.0159544 -0.0364672 -0.0136752 -0.0364672 -0.0159544 -0.0364672 -0.0136752 -0.0364672 -0.0159544 -0.0364672 -0.0136752 -0.00797721 
-0.00797721 -0.0364672 -0.0136752 -0.0364672 -0.0159544 -0.0364672 -0.0136752 -0.0364672 -0.0159544 -0.0364672 -0.0136752 -0.0364672 -0.0159544 -0.0364672 -0.0136752 -0.0364672   0.984046 -0.0364672 -0.0136752 -0.0364672 -0.0159544 -0.0364672 -0.0136752 -0.0364672 -0.0159544 -0.0364672 -0.0136752 -0.0364672 -0.0159544 -0.0364672 -0.0136752 -0.0364672 -0.0159544 -0.0364672 -0.0136752 -0.0364672 -0.0159544 -0.0364672 -0.0136752 -0.00797721 
-0.00797721 -0.0364672 -0.0136752 -0.0364672 -0.0159544 -0.0364672 -0.0136752 -0.0364672 -0.0159544 -0.0364672 -0.0136752 -0.0364672 -0.0159544 -0.0364672 -0.0136752 -0.0364672 -0.0159544   0.963533 -0.0136752 -0.0364672 -0.0159544 -0.0364672 -0.0136752 -0.0364672 -0.0159544 -0.0364672 -0.0136752 -0.0364672 -0.0159544 -0.0364672 -0.0136752 -0.0364672 -0.0159544 -0.0364672 -0.0136752 -0.0364672 -0.0159544 -0.0364672 -0.0136752 -0.00797721 
-0.00797721 -0.0364672 -0.0136752 -0.0364672 -0.0159544 -0.0364672 -0.0136752 -0.0364672 -0.0159544 -0.0364672 -0.0136752 -0.0364672 -0.0159544 -0.0364672 -0.0136752 -0.0364672 -0.0159544 -0.0364672   0.986325 -0.0364672 -0.0159544 -0.0364672 -0.0136752 -0.0364672 -0.0159544 -0.0364672 -0.0136752 -0.0364672 -0.0159544 -0.0364672 -0.0136752 -0.0364672 -0.0159544 -0.0364672 -0.0136752 -0.0364672 -0.0159544 -0.0364672 -0.0136752 -0.00797721 
-0.00797721 -0.0364672 -0.0136752 -0.0364672 -0.0159544 -0.0364672 -0.0136752 -0.0364672 -0.0159544 -0.0364672 -0.0136752 -0.0364672 -0.0159544 -0.0364672 -0.0136752 -0.0364672 -0.0159544 -0.0364672 -0.0136752   0.963533 -0.0159544 -0.0364672 -0.0136752 -0.0364672 -0.0159544 -0.0364672 -0.0136752 -0.0364672 -0.0159544 -0.0364672 -0.0136752 -0.0364672 -0.0159544 -0.0364672 -0.0136752 -0.0364672 -0.0159544 -0.0364672 -0.0136752 -0.00797721 
-0.00797721 -0.0364672 -0.0136752 -0.0364672 -0.0159544 -0.0364672 -0.0136752 -0.0364672 -0.0159544 -0.0364672 -0.0136752 -0.0364672 -0.0159544 -0.0364672 -0.0136752 -0.0364672 -0.0159544 -0.0364672 -0.0136752 -0.0364672   0.984046 -0.0364672 -0.0136752 -0.0364672 -0.0159544 -0.0364672 -0.0136752 -0.0364672 -0.0159544 -0.0364672 -0.0136752 -0.0364672 -0.0159544 -0.0364672 -0.0136752 -0.0364672 -0.0159544 -0.0364672 -0.0136752 -0.00797721 
-0.00797721 -0.0364672 -0.0136752 -0.0364672 -0.0159544 -0.0364672 -0.0136752 -0.0364672 -0.0159544 -0.0364672 -0.0136752 -0.0364672 -0.0159544 -0.0364672 -0.0136752 -0.0364672 -0.0159544 -0.0364672 -0.0136752 -0.0364672 -0.0159544   0.963533 -0.0136752 -0.0364672 -0.0159544 -0.0364672 -0.0136752 -0.0364672 -0.0159544 -0.0364672 -0.0136752 -0.0364672 -0.0159544 -0.0364672 -0.0136752 -0.0364672 -0.0159544 -0.0364672 -0.0136752 -0.00797721 
-0.00797721 -0.0364672 -0.0136752 -0.0364672 -0.0159544 -0.0364672 -0.0136752 -0.0364672 -0.0159544 -0.0364672 -0.0136752 -0.0364672 -0.0159544 -0.0364672 -0.0136752 -0.0364672 -0.0159544 -0.0364672 -0.0136752 -0.0364672 -0.0159544 -0.0364672   0.986325 -0.0364672 -0.0159544 -0.0364672 -0.0136752 -0.0364672 -0.0159544 -0.0364672 -0.0136752 -0.0364672 -0.0159544 -0.0364672 -0.0136752 -0.0364672 -0.0159544 -0.0364672 -0.0136752 -0.00797721 
-0.00797721 -0.0364672 -0.0136752 -0.0364672 -0.0159544 -0.0364672 -0.0136752 -0.0364672 -0.0159544 -0.0364672 -0.0136752 -0.0364672 -0.0159544 -0.0364672 -0.0136752 -0.0364672 -0.0159544 -0.0364672 -0.0136752 -0.0364672 -0.0159544 -0.0364672 -0.0136752   0.963533 -0.0159544 -0.0364672 -0.0136752 -0.0364672 -0.0159544 -0.0364672 -0.0136752 -0.0364672 -0.0159544 -0.0364672 -0.0136752 -0.0364672 -0.0159544 -0.0364672 -0.0136752 -0.00797721 
-0.00797721 -0.0364672 -0.0136752 -0.0364672 -0.0159544 -0.0364672 -0.0136752 -0.0364672 -0.0159544 -0.0364672 -0.0136752 -0.0364672 -0.0159544 -0.0364672 -0.0136752 -0.0364672 -0.0159544 -0.0364672 -0.0136752 -0.0364672 -0.0159544 -0.0364672 -0.0136752 -0.0364672   0.984046 -0.0364672 -0.0136752 -0.0364672 -0.0159544 -0.0364672 -0.0136752 -0.0364672 -0.0159544 -0.0364672 -0.0136752 -0.0364672 -0.0159544 -0.0364672 -0.0136752 -0.00797721 
-0.00797721 -0.0364672 -0.0136752 -0.0364672 -0.0159544 -0.0364672 -0.0136752 -0.0364672 -0.0159544 -0.0364672 -0.0136752 -0.0364672 -0.0159544 -0.0364672 -0.0136752 -0.0364672 -0.0159544 -0.0364672 -0.0136752 -0.0364672 -0.0159544 -0.0364672 -0.0136752 -0.0364672 -0.0159544   0.963533 -0.0136752 -0.0364672 -0.0159544 -0.0364672 -0.0136752 -0.0364672 -0.0159544 -0.0364672 -0.0136752 -0.0364672 -0.0159544 -0.0364672 -0.0136752 -0.00797721 
-0.00797721 -0.0364672 -0.0136752 -0.0364672 -0.0159544 -0.0364672 -0.0136752 -0.0364672 -0.0159544 -0.0364672 -0.0136752 -0.0364672 -0.0159544 -0.0364672 -0.0136752 -0.0364672 -0.0159544 -0.0364672 -0.0136752 -0.0364672 -0.0159544 -0.0364672 -0.0136752 -0.0364672 -0.0159544 -0.0364672   0.986325 -0.0364672 -0.0159544 -0.0364672 -0.0136752 -0.0364672 -0.0159544 -0.0364672 -0.0136752 -0.0364672 -0.0159544 -0.0364672 -0.0136752 -0.00797721 
-0.00797721 -0.0364672 -0.0136752 -0.0364672 -0.0159544 -0.0364672 -0.0136752 -0.0364672 -0.0159544 -0.0364672 -0.0136752 -0.0364672 -0.0159544 -0.0364672 -0.0136752 -0.0364672 -0.0159544 -0.0364672 -0.0136752 -0.0364672 -0.0159544 -0.0364672 -0.0136752 -0.0364672 -0.0159544 -0.0364672 -0.0136752   0.963533 -0.0159544 -0.0364672 -0.0136752 -0.0364672 -0.0159544 -0.0364672 -0.0136752 -0.0364672 -0.0159544 -0.0364672 -0.0136752 -0.00797721 
-0.00797721 -0.0364672 -0.0136752 -0.0364672 -0.0159544 -0.0364672 -0.0136752 -0.0364672 -0.0159544 -0.0364672 -0.0136752 -0.0364672 -0.0159544 -0.0364672 -0.0136752 -0.0364672 -0.0159544 -0.0364672 -0.0136752 -0.0364672 -0.0159544 -0.0364672 -0.0136752 -0.0364672 -0.0159544 -0.0364672 -0.0136752 -0.0364672   0.984046 -0.0364672 -0.0136752 -0.0364672 -0.0159544 -0.0364672 -0.0136752 -0.0364672 -0.0159544 -0.0364672 -0.0136752 -0.00797721 
-0.00797721 -0.0364672 -0.0136752 -0.0364672 -0.0159544 -0.0364672 -0.0136752 -0.0364672 -0.0159544 -0.0364672 -0.0136752 -0.0364672 -0.0159544 -0.0364672 -0.0136752 -0.0364672 -0.0159544 -0.0364672 -0.0136752 -0.0364672 -0.0159544 -0.0364672 -0.0136752 -0.0364672 -0.0159544 -0.0364672 -0.0136752 -0.0364672 -0.0159544   0.963533 -0.0136752 -0.0364672 -0.0159544 -0.0364672 -0.0136752 -0.0364672 -0.0159544 -0.0364672 -0.0136752 -0.00797721 
-0.00797721 -0.0364672 -0.0136752 -0.0364672 -0.0159544 -0.0364672 -0.0136752 -0.0364672 -0.0159544 -0.0364672 -0.0136752 -0.0364672 -0.0159544 -0.0364672 -0.0136752 -0.0364672 -0.0159544 -0.0364672 -0.0136752 -0.0364672 -0.0159544 -0.0364672 -0.0136752 -0.0364672 -0.0159544 -0.0364672 -0.0136752 -0.0364672 -0.0159544 -0.0364672   0.986325 -0.0364672 -0.0159544 -0.0364672 -0.0136752 -0.0364672 -0.0159544 -0.0364672 -0.0136752 -0.00797721 
-0.00797721 -0.0364672 -0.0136752 -0.0364672 -0.0159544 -0.0364672 -0.0136752 -0.0364672 -0.0159544 -0.0364672 -0.0136752 -0.0364672 -0.0159544 -0.0364672 -0.0136752 -0.0364672 -0.0159544 -0.0364672 -0.0136752 -0.0364672 -0.0159544 -0.0364672 -0.0136752 -0.0364672 -0.0159544 -0.0364672 -0.0136752 -0.0364672 -0.0159544 -0.0364672 -0.0136752   0.963533 -0.0159544 -0.0364672 -0.0136752 -0.0364672 -0.0159544 -0.0364672 -0.0136752 -0.00797721 
-0.00797721 -0.0364672 -0.0136752 -0.0364672 -0.0159544 -0.0364672 -0.0136752 -0.0364672 -0.0159544 -0.0364672 -0.0136752 -0.0364672 -0.0159544 -0.0364672 -0.0136752 -0.0364672 -0.0159544 -0.0364672 -0.0136752 -0.0364672 -0.0159544 -0.0364672 -0.0136752 -0.0364672 -0.0159544 -0.0364672 -0.0136752 -0.0364672 -0.0159544 -0.0364672 -0.0136752 -0.0364672   0.984046 -0.0364672 -0.0136752 -0.0364672 -0.0159544 -0.0364672 -0.0136752 -0.00797721 
-0.00797721 -0.0364672 -0.0136752 -0.0364672 -0.0159544 -0.0364672 -0.0136752 -0.0364672 -0.0159544 -0.0364672 -0.0136752 -0.0364672 -0.0159544 -0.0364672 -0.0136752 -0.0364672 -0.0159544 -0.0364672 -0.0136752 -0.0364672 -0.0159544 -0.0364672 -0.0136752 -0.0364672 -0.0159544 -0.0364672 -0.0136752 -0.0364672 -0.0159544 -0.0364672 -0.0136752 -0.0364672 -0.0159544   0.963533 -0.0136752 -0.0364672 -0.0159544 -0.0364672 -0.0136752 -0.00797721 
-0.00797721 -0.0364672 -0.0136752 -0.0364672 -0.0159544 -0.0364672 -0.0136752 -0.0364672 -0.0159544 -0.0364672 -0.0136752 -0.0364672 -0.0159544 -0.0364672 -0.0136752 -0.0364672 -0.0159544 -0.0364672 -0.0136752 -0.0364672 -0.0159544 -0.0364672 -0.0136752 -0.0364672 -0.0159544 -0.0364672 -0.0136752 -0.0364672 -0.0159544 -0.0364672 -0.0136752 -0.0364672 -0.0159544 -0.0364672   0.986325 -0.0364672 -0.0159544 -0.0364672 -0.0136752 -0.00797721 
-0.00797721 -0.0364672 -0.0136752 -0.0364672 -0.0159544 -0.0364672 -0.0136752 -0.0364672 -0.0159544 -0.0364672 -0.0136752 -0.0364672 -0.0159544 -0.0364672 -0.0136752 -0.0364672 -0.0159544 -0.0364672 -0.0136752 -0.0364672 -0.0159544 -0.0364672 -0.0136752 -0.0364672 -0.0159544 -0.0364672 -0.0136752 -0.0364672 -0.0159544 -0.0364672 -0.0136752 -0.0364672 -0.0159544 -0.0364672 -0.0136752   0.963533 -0.0159544 -0.0364672 -0.0136752 -0.00797721 
-0.00797721 -0.0364672 -0.0136752 -0.0364672 -0.0159544 -0.0364672 -0.0136752 -0.0364672 -0.0159544 -0.0364672 -0.0136752 -0.0364672 -0.0159544 -0.0364672 -0.0136752 -0.0364672 -0.0159544 -0.0364672 -0.0136752 -0.0364672 -0.0159544 -0.0364672 -0.0136752 -0.0364672 -0.0159544 -0.0364672 -0.0136752 -0.0364672 -0.0159544 -0.0364672 -0.0136752 -0.0364672 -0.0159544 -0.0364672 -0.0136752 -0.0364672   0.984046 -0.0364672 -0.0136752 -0.00797721 
-0.00797721 -0.0364672 -0.0136752 -0.0364672 -0.0159544 -0.0364672 -0.0136752 -0.0364672 -0.0159544 -0.0364672 -0.0136752 -0.0364672 -0.0159544 -0.0364672 -0.0136752 -0.0364672 -0.0159544 -0.0364672 -0.0136752 -0.0364672 -0.0159544 -0.0364672 -0.0136752 -0.0364672 -0.0159544 -0.0364672 -0.0136752 -0.0364672 -0.0159544 -0.0364672 -0.0136752 -0.0364672 -0.0159544 -0.0364672 -0.0136752 -0.0364672 -0.0159544   0.963533 -0.0136752 -0.00797721 
-0.00797721 -0.0364672 -0.0136752 -0.0364672 -0.0159544 -0.0364672 -0.0136752 -0.0364672 -0.0159544 -0.0364672 -0.0136752 -0.0364672 -0.0159544 -0.0364672 -0.0136752 -0.0364672 -0.0159544 -0.0364672 -0.0136752 -0.0364672 -0.0159544 -0.0364672 -0.0136752 -0.0364672 -0.0159544 -0.0364672 -0.0136752 -0.0364672 -0.0159544 -0.0364672 -0.0136752 -0.0364672 -0.0159544 -0.0364672 -0.0136752 -0.0364672 -0.0159544 -0.0364672   0.986325 -0.00797721 
-0.00797721 -0.0364672 -0.0136752 -0.0364672 -0.0159544 -0.0364672 -0.0136752 -0.0364672 -0.0159544 -0.0364672 -0.0136752 -0.0364672 -0.0159544 -0.0364672 -0.0136752 -0.0364672 -0.0159544 -0.0364672 -0.0136752 -0.0364672 -0.0159544 -0.0364672 -0.0136752 -0.0364672 -0.0159544 -0.0364672 -0.0136752 -0.0364672 -0.0159544 -0.0364672 -0.0136752 -0.0364672 -0.0159544 -0.0364672 -0.0136752 -0.0364672 -0.0159544 -0.0364672 -0.0136752   0.992023 
