  0.992908 -0.0283688 -0.0141844 -0.0283688 -0.0141844 -0.0283688 -0.0141844 -0.0283688 -0.0141844 -0.0283688 -0.0141844 -0.0283688 -0.0141844 -0.0283688 -0.0141844 -0.0283688 -0.0141844 -0.0283688 -0.0141844 -0.0283688 -0.0141844 -0.0283688 -0.0141844 -0.0283688 -0.0141844 -0.0283688 -0.0141844 -0.0283688 -0.0141844 -0.0283688 -0.0141844 -0.0283688 -0.0141844 -0.0283688 -0.0141844 -0.0283688 -0.0141844 -0.0283688 -0.0141844 -0.0283688 -0.0141844 -0.0283688 -0.0141844 -0.0283688 -0.0141844 -0.0283688 -0.0141844 -0.0070922 
-0.0070922   0.971631 -0.0141844 -0.0283688 -0.0141844 -0.0283688 -0.0141844 -0.0283688 -0.0141844 -0.0283688 -0.0141844 -0.0283688 -0.0141844 -0.0283688 -0.0141844 -0.0283688 -0.0141844 -0.0283688 -0.0141844 -0.0283688 -0.0141844 -0.0283688 -0.0141844 -0.0283688 -0.0141844 -0.0283688 -0.0141844 -0.0283688 -0.0141844 -0.0283688 -0.0141844 -0.0283688 -0.0141844 -0.0283688 -0.0141844 -0.0283688 -0.0141844 -0.0283688 -0.0141844 -0.0283688 -0.0141844 -0.0283688 -0.0141844 -0.0283688 -0.0141844 -0.0283688 -0.0141844 -0.0070922 
-0.0070922 -0.0283688   0.985816 -0.0283688 -0.0141844 -0.0283688 -0.0141844 -0.0283688 -0.0141844 -0.0283688 -0.0141844 -0.0283688 -0.0141844 -0.0283688 -0.0141844 -0.0283688 -0.0141844 -0.0283688 -0.0141844 -0.0283688 -0.0141844 -0.0283688 -0.0141844 -0.0283688 -0.0141844 -0.0283688 -0.0141844 -0.0283688 -0.0141844 -0.0283688 -0.0141844 -0.0283688 -0.0141844 -0.0283688 -0.0141844 -0.0283688 -0.0141844 -0.0283688 -0.0141844 -0.0283688 -0.0141844 -0.0283688 -0.0141844 -0.0283688 -0.0141844 -0.0283688 -0.0141844 -0.0070922 
-0.0070922 -0.0283688 -0.0141844   0.971631 -0.0141844 -0.0283688 -0.0141844 -0.0283688 -0.0141844 -0.0283688 -0.0141844 -0.0283688 -0.0141844 -0.0283688 -0.0141844 -0.0283688 -0.0141844 -0.0283688 -0.0141844 -0.0283688 -0.0141844 -0.0283688 -0.0141844 -0.0283688 -0.0141844 -0.0283688 -0.0141844 -0.0283688 -0.0141844 -0.0283688 -0.0141844 -0.0283688 -0.0141844 -0.0283688 -0.0141844 -0.0283688 -0.0141844 -0.0283688 -0.0141844 -0.0283688 -0.0141844 -0.0283688 -0.0141844 -0.0283688 -0.0141844 -0.0283688 -0.0141844 -0.0070922 
-0.0070922 -0.0283688 -0.0141844 -0.0283688   0.985816 -0.0283688 -0.0141844 -0.0283688 -0.0141844 -0.0283688 -0.0141844 -0.0283688 -0.0141844 -0.0283688 -0.0141844 -0.0283688 -0.0141844 -0.0283688 -0.0141844 -0.0283688 -0.0141844 -0.0283688 -0.0141844 -0.0283688 -0.0141844 -0.0283688 -0.0141844 -0.0283688 -0.0141844 -0.0283688 -0.0141844 -0.0283688 -0.0141844 -0.0283688 -0.0141844 -0.0283688 -0.0141844 -0.0283688 -0.0141844 -0.0283688 -0.0141844 -0.0283688 -0.0141844 -0.0283688 -0.0141844 -0.0283688 -0.0141844 -0.0070922 
-0.0070922 -0.0283688 -0.0141844 -0.0283688 -0.0141844   0.971631 -0.0141844 -0.0283688 -0.0141844 -0.0283688 -0.0141844 -0.0283688 -0.0141844 -0.0283688 -0.0141844 -0.0283688 -0.0141844 -0.0283688 -0.0141844 -0.0283688 -0.0141844 -0.0283688 -0.0141844 -0.0283688 -0.0141844 -0.0283688 -0.0141844 -0.0283688 -0.0141844 -0.0283688 -0.0141844 -0.0283688 -0.0141844 -0.0283688 -0.0141844 -0.0283688 -0.0141844 -0.0283688 -0.0141844 -0.0283688 -0.0141844 -0.0283688 -0.0141844 -0.0283688 -0.0141844 -0.0283688 -0.0141844 -0.0070922 
-0.0070922 -0.0283688 -0.0141844 -0.0283688 -0.0141844 -0.0283688   0.985816 -0.0283688 -0.0141844 -0.0283688 -0.0141844 -0.0283688 -0.0141844 -0.0283688 -0.0141844 -0.0283688 -0.0141844 -0.0283688 -0.0141844 -0.0283688 -0.0141844 -0.0283688 -0.0141844 -0.0283688 -0.0141844 -0.0283688 -0.0141844 -0.0283688 -0.0141844 -0.0283688 -0.0141844 -0.0283688 -0.0141844 -0.0283688 -0.0141844 -0.0283688 -0.0141844 -0.0283688 -0.0141844 -0.0283688 -0.0141844 -0.0283688 -0.0141844 -0.0283688 -0.0141844 -0.0283688 -0.0141844 -0.0070922 
-0.0070922 -0.0283688 -0.0141844 -0.0283688 -0.0141844 -0.0283688 -0.0141844   0.971631 -0.0141844 -0.0283688 -0.0141844 -0.0283688 -0.0141844 -0.0283688 -0.0141844 -0.0283688 -0.0141844 -0.0283688 -0.0141844 -0.0283688 -0.0141844 -0.0283688 -0.0141844 -0.0283688 -0.0141844 -0.0283688 -0.0141844 -0.0283688 -0.0141844 -0.0283688 -0.0141844 -0.0283688 -0.0141844 -0.0283688 -0.0141844 -0.0283688 -0.0141844 -0.0283688 -0.0141844 -0.0283688 -0.0141844 -0.0283688 -0.0141844 -0.0283688 -0.0141844 -0.0283688 -0.0141844 -0.0070922 
-0.0070922 -0.0283688 -0.0141844 -0.0283688 -0.0141844 -0.0283688 -0.0141844 -0.0283688   0.985816 -0.0283688 -0.0141844 -0.0283688 -0.0141844 -0.0283688 -0.0141844 -0.0283688 -0.0141844 -0.0283688 -0.0141844 -0.0283688 -0.0141844 -0.0283688 -0.0141844 -0.0283688 -0.0141844 -0.0283688 -0.0141844 -0.0283688 -0.0141844 -0.0283688 -0.0141844 -0.0283688 -0.0141844 -0.0283688 -0.0141844 -0.0283688 -0.0141844 -0.0283688 -0.0141844 -0.0283688 -0.0141844 -0.0283688 -0.0141844 -0.0283688 -0.0141844 -0.0283688 -0.0141844 -0.0070922 
-0.0070922 -0.0283688 -0.0141844 -0.0283688 -0.0141844 -0.0283688 -0.0141844 -0.0283688 -0.0141844   0.971631 -0.0141844 -0.0283688 -0.0141844 -0.0283688 -0.0141844 -0.0283688 -0.0141844 -0.0283688 -0.0141844 -0.0283688 -0.0141844 -0.0283688 -0.0141844 -0.0283688 -0.0141844 -0.0283688 -0.0141844 -0.0283688 -0.0141844 -0.0283688 -0.0141844 -0.0283688 -0.0141844 -0.0283688 -0.0141844 -0.0283688 -0.0141844 -0.0283688 -0.0141844 -0.0283688 -0.0141844 -0.0283688 -0.0141844 -0.0283688 -0.0141844 -0.0283688 -0.0141844 -0.0070922 
-0.0070922 -0.0283688 -0.0141844 -0.0283688 -0.0141844 -0.0283688 -0.0141844 -0.0283688 -0.0141844 -0.0283688   0.985816 -0.0283688 -0.0141844 -0.0283688 -0.0141844 -0.0283688 -0.0141844 -0.0283688 -0.0141844 -0.0283688 -0.0141844 -0.0283688 -0.0141844 -0.0283688 -0.0141844 -0.0283688 -0.0141844 -0.0283688 -0.0141844 -0.0283688 -0.0141844 -0.0283688 -0.0141844 -0.0283688 -0.0141844 -0.0283688 -0.0141844 -0.0283688 -0.0141844 -0.0283688 -0.0141844 -0.0283688 -0.0141844 -0.0283688 -0.0141844 -0.0283688 -0.0141844 -0.0070922 
-0.0070922 -0.0283688 -0.0141844 -0.0283688 -0.0141844 -0.0283688 -0.0141844 -0.0283688 -0.0141844 -0.0283688 -0.0141844   0.971631 -0.0141844 -0.0283688 -0.0141844 -0.0283688 -0.0141844 -0.0283688 -0.0141844 -0.0283688 -0.0141844 -0.0283688 -0.0141844 -0.0283688 -0.0141844 -0.0283688 -0.0141844 -0.0283688 -0.0141844 -0.0283688 -0.0141844 -0.0283688 -0.0141844 -0.0283688 -0.0141844 -0.0283688 -0.0141844 -0.0283688 -0.0141844 -0.0283688 -0.0141844 -0.0283688 -0.0141844 -0.0283688 -0.0141844 -0.0283688 -0.0141844 -0.0070922 
-0.0070922 -0.0283688 -0.0141844 -0.0283688 -0.0141844 -0.0283688 -0.0141844 -0.0283688 -0.0141844 -0.0283688 -0.0141844 -0.0283688   0.985816 -0.0283688 -0.0141844 -0.0283688 -0.0141844 -0.0283688 -0.0141844 -0.0283688 -0.0141844 -0.0283688 -0.0141844 -0.0283688 -0.0141844 -0.0283688 -0.0141844 -0.0283688 -0.0141844 -0.0283688 -0.0141844 -0.0283688 -0.0141844 -0.0283688 -0.0141844 -0.0283688 -0.0141844 -0.0283688 -0.0141844 -0.0283688 -0.0141844 -0.0283688 -0.0141844 -0.0283688 -0.0141844 -0.0283688 -0.0141844 -0.0070922 
-0.0070922 -0.0283688 -0.0141844 -0.0283688 -0.0141844 -0.0283688 -0.0141844 -0.0283688 -0.0141844 -0.0283688 -0.0141844 -0.0283688 -0.0141844   0.971631 -0.0141844 -0.0283688 -0.0141844 -0.0283688 -0.0141844 -0.0283688 -0.0141844 -0.0283688 -0.0141844 -0.0283688 -0.0141844 -0.0283688 -0.0141844 -0.0283688 -0.0141844 -0.0283688 -0.0141844 -0.0283688 -0.0141844 -0.0283688 -0.0141844 -0.0283688 -0.0141844 -0.0283688 -0.0141844 -0.0283688 -0.0141844 -0.0283688 -0.0141844 -0.0283688 -0.0141844 -0.0283688 -0.0141844 -0.0070922 
-0.0070922 -0.0283688 -0.0141844 -0.0283688 -0.0141844 -0.0283688 -0.0141844 -0.0283688 -0.0141844 -0.0283688 -0.0141844 -0.0283688 -0.0141844 -0.0283688   0.985816 -0.0283688 -0.0141844 -0.0283688 -0.0141844 -0.0283688 -0.0141844 -0.0283688 -0.0141844 -0.0283688 -0.0141844 -0.0283688 -0.0141844 -0.0283688 -0.0141844 -0.0283688 -0.0141844 -0.0283688 -0.0141844 -0.0283688 -0.0141844 -0.0283688 -0.0141844 -0.0283688 -0.0141844 -0.0283688 -0.0141844 -0.0283688 -0.0141844 -0.0283688 -0.0141844 -0.0283688 -0.0141844 -0.0070922 
-0.0070922 -0.0283688 -0.0141844 -0.0283688 -0.0141844 -0.0283688 -0.0141844 -0.0283688 -0.0141844 -0.0283688 -0.0141844 -0.0283688 -0.0141844 -0.0283688 -0.0141844   0.971631 -0.0141844 -0.0283688 -0.0141844 -0.0283688 -0.0141844 -0.0283688 -0.0141844 -0.0283688 -0.0141844 -0.0283688 -0.0141844 -0.0283688 -0.0141844 -0.0283688 -0.0141844 -0.0283688 -0.0141844 -0.0283688 -0.0141844 -0.0283688 -0.0141844 -0.0283688 -0.0141844 -0.0283688 -0.0141844 -0.0283688 -0.0141844 -0.0283688 -0.0141844 -0.0283688 -0.0141844 -0.0070922 
-0.0070922 -0.0283688 -0.0141844 -0.0283688 -0.0141844 -0.0283688 -0.0141844 -0.0283688 -0.0141844 -0.0283688 -0.0141844 -0.0283688 -0.0141844 -0.0283688 -0.0141844 -0.0283688   0.985816 -0.0283688 -0.0141844 -0.0283688 -0.0141844 -0.0283688 -0.0141844 -0.0283688 -0.0141844 -0.0283688 -0.0141844 -0.0283688 -0.0141844 -0.0283688 -0.0141844 -0.0283688 -0.0141844 -0.0283688 -0.0141844 -0.0283688 -0.0141844 -0.0283688 -0.0141844 -0.0283688 -0.0141844 -0.0283688 -0.0141844 -0.0283688 -0.0141844 -0.0283688 -0.0141844 -0.0070922 
-0.0070922 -0.0283688 -0.0141844 -0.0283688 -0.0141844 -0.0283688 -0.0141844 -0.0283688 -0.0141844 -0.0283688 -0.0141844 -0.0283688 -0.0141844 -0.0283688 -0.0141844 -0.0283688 -0.0141844   0.971631 -0.0141844 -0.0283688 -0.0141844 -0.0283688 -0.0141844 -0.0283688 -0.0141844 -0.0283688 -0.0141844 -0.0283688 -0.0141844 -0.0283688 -0.0141844 -0.0283688 -0.0141844 -0.0283688 -0.0141844 -0.0283688 -0.0141844 -0.0283688 -0.0141844 -0.0283688 -0.0141844 -0.0283688 -0.0141844 -0.0283688 -0.0141844 -0.0283688 -0.0141844 -0.0070922 
-0.0070922 -0.0283688 -0.0141844 -0.0283688 -0.0141844 -0.0283688 -0.0141844 -0.0283688 -0.0141844 -0.0283688 -0.0141844 -0.0283688 -0.0141844 -0.0283688 -0.0141844 -0.0283688 -0.0141844 -0.0283688   0.985816 -0.0283688 -0.0141844 -0.0283688 -0.0141844 -0.0283688 -0.0141844 -0.0283688 -0.0141844 -0.0283688 -0.0141844 -0.0283688 -0.0141844 -0.0283688 -0.0141844 -0.0283688 -0.0141844 -0.0283688 -0.0141844 -0.0283688 -0.0141844 -0.0283688 -0.0141844 -0.0283688 -0.0141844 -0.0283688 -0.0141844 -0.0283688 -0.0141844 -0.0070922 
-0.0070922 -0.0283688 -0.0141844 -0.0283688 -0.0141844 -0.0283688 -0.0141844 -0.0283688 -0.0141844 -0.0283688 -0.0141844 -0.0283688 -0.0141844 -0.0283688 -0.0141844 -0.0283688 -0.0141844 -0.0283688 -0.0141844   0.971631 -0.0141844 -0.0283688 -0.0141844 -0.0283688 -0.0141844 -0.0283688 -0.0141844 -0.0283688 -0.0141844 -0.0283688 -0.0141844 -0.0283688 -0.0141844 -0.0283688 -0.0141844 -0.0283688 -0.0141844 -0.0283688 -0.0141844 -0.0283688 -0.0141844 -0.0283688 -0.0141844 -0.0283688 -0.0141844 -0.0283688 -0.0141844 -0.0070922 
-0.0070922 -0.0283688 -0.0141844 -0.0283688 -0.0141844 -0.0283688 -0.0141844 -0.0283688 -0.0141844 -0.0283688 -0.0141844 -0.0283688 -0.0141844 -0.0283688 -0.0141844 -0.0283688 -0.0141844 -0.0283688 -0.0141844 -0.0283688   0.985816 -0.0283688 -0.0141844 -0.0283688 -0.0141844 -0.0283688 -0.0141844 -0.0283688 -0.0141844 -0.0283688 -0.0141844 -0.0283688 -0.0141844 -0.0283688 -0.0141844 -0.0283688 -0.0141844 -0.0283688 -0.0141844 -0.0283688 -0.0141844 -0.0283688 -0.0141844 -0.0283688 -0.0141844 -0.0283688 -0.0141844 -0.0070922 
-0.0070922 -0.0283688 -0.0141844 -0.0283688 -0.0141844 -0.0283688 -0.0141844 -0.0283688 -0.0141844 -0.0283688 -0.0141844 -0.0283688 -0.0141844 -0.0283688 -0.0141844 -0.0283688 -0.0141844 -0.0283688 -0.0141844 -0.0283688 -0.0141844   0.971631 -0.0141844 -0.0283688 -0.0141844 -0.0283688 -0.0141844 -0.0283688 -0.0141844 -0.0283688 -0.0141844 -0.0283688 -0.0141844 -0.0283688 -0.0141844 -0.0283688 -0.0141844 -0.0283688 -0.0141844 -0.0283688 -0.0141844 -0.0283688 -0.0141844 -0.0283688 -0.0141844 -0.0283688 -0.0141844 -0.0070922 
-0.0070922 -0.0283688 -0.0141844 -0.0283688 -0.0141844 -0.0283688 -0.0141844 -0.0283688 -0.0141844 -0.0283688 -0.0141844 -0.0283688 -0.0141844 -0.0283688 -0.0141844 -0.0283688 -0.0141844 -0.0283688 -0.0141844 -0.0283688 -0.0141844 -0.0283688   0.985816 -0.0283688 -0.0141844 -0.0283688 -0.0141844 -0.0283688 -0.0141844 -0.0283688 -0.0141844 -0.0283688 -0.0141844 -0.0283688 -0.0141844 -0.0283688 -0.0141844 -0.0283688 -0.0141844 -0.0283688 -0.0141844 -0.0283688 -0.0141844 -0.0283688 -0.0141844 -0.0283688 -0.0141844 -0.0070922 
-0.0070922 -0.0283688 -0.0141844 -0.0283688 -0.0141844 -0.0283688 -0.0141844 -0.0283688 -0.0141844 -0.0283688 -0.0141844 -0.0283688 -0.0141844 -0.0283688 -0.0141844 -0.0283688 -0.0141844 -0.0283688 -0.0141844 -0.0283688 -0.0141844 -0.0283688 -0.0141844   0.971631 -0.0141844 -0.0283688 -0.0141844 -0.0283688 -0.0141844 -0.0283688 -0.0141844 -0.0283688 -0.0141844 -0.0283688 -0.0141844 -0.0283688 -0.0141844 -0.0283688 -0.0141844 -0.0283688 -0.0141844 -0.0283688 -0.0141844 -0.0283688 -0.0141844 -0.0283688 -0.0141844 -0.0070922 
-0.0070922 -0.0283688 -0.0141844 -0.0283688 -0.0141844 -0.0283688 -0.0141844 -0.0283688 -0.0141844 -0.0283688 -0.0141844 -0.0283688 -0.0141844 -0.0283688 -0.0141844 -0.0283688 -0.0141844 -0.0283688 -0.0141844 -0.0283688 -0.0141844 -0.0283688 -0.0141844 -0.0283688   0.985816 -0.0283688 -0.0141844 -0.0283688 -0.0141844 -0.0283688 -0.0141844 -0.0283688 -0.0141844 -0.0283688 -0.0141844 -0.0283688 -0.0141844 -0.0283688 -0.0141844 -0.0283688 -0.0141844 -0.0283688 -0.0141844 -0.0283688 -0.0141844 -0.0283688 -0.0141844 -0.0070922 
-0.0070922 -0.0283688 -0.0141844 -0.0283688 -0.0141844 -0.0283688 -0.0141844 -0.0283688 -0.0141844 -0.0283688 -0.0141844 -0.0283688 -0.0141844 -0.0283688 -0.0141844 -0.0283688 -0.0141844 -0.0283688 -0.0141844 -0.0283688 -0.0141844 -0.0283688 -0.0141844 -0.0283688 -0.0141844   0.971631 -0.0141844 -0.0283688 -0.0141844 -0.0283688 -0.0141844 -0.0283688 -0.0141844 -0.0283688 -0.0141844 -0.0283688 -0.0141844 -0.0283688 -0.0141844 -0.0283688 -0.0141844 -0.0283688 -0.0141844 -0.0283688 -0.0141844 -0.0283688 -0.0141844 -0.0070922 
-0.0070922 -0.0283688 -0.0141844 -0.0283688 -0.0141844 -0.0283688 -0.0141844 -0.0283688 -0.0141844 -0.0283688 -0.0141844 -0.0283688 -0.0141844 -0.0283688 -0.0141844 -0.0283688 -0.0141844 -0.0283688 -0.0141844 -0.0283688 -0.0141844 -0.0283688 -0.0141844 -0.0283688 -0.0141844 -0.0283688   0.985816 -0.0283688 -0.0141844 -0.0283688 -0.0141844 -0.0283688 -0.0141844 -0.0283688 -0.0141844 -0.0283688 -0.0141844 -0.0283688 -0.0141844 -0.0283688 -0.0141844 -0.0283688 -0.0141844 -0.0283688 -0.0141844 -0.0283688 -0.0141844 -0.0070922 
-0.0070922 -0.0283688 -0.0141844 -0.0283688 -0.0141844 -0.0283688 -0.0141844 -0.0283688 -0.0141844 -0.0283688 -0.0141844 -0.0283688 -0.0141844 -0.0283688 -0.0141844 -0.0283688 -0.0141844 -0.0283688 -0.0141844 -0.0283688 -0.0141844 -0.0283688 -0.0141844 -0.0283688 -0.0141844 -0.0283688 -0.0141844   0.971631 -0.0141844 -0.0283688 -0.0141844 -0.0283688 -0.0141844 -0.0283688 -0.0141844 -0.0283688 -0.0141844 -0.0283688 -0.0141844 -0.0283688 -0.0141844 -0.0283688 -0.0141844 -0.0283688 -0.0141844 -0.0283688 -0.0141844 -0.0070922 
-0.0070922 -0.0283688 -0.0141844 -0.0283688 -0.0141844 -0.0283688 -0.0141844 -0.0283688 -0.0141844 -0.0283688 -0.0141844 -0.0283688 -0.0141844 -0.0283688 -0.0141844 -0.0283688 -0.0141844 -0.0283688 -0.0141844 -0.0283688 -0.0141844 -0.0283688 -0.0141844 -0.0283688 -0.0141844 -0.0283688 -0.0141844 -0.0283688   0.985816 -0.0283688 -0.0141844 -0.0283688 -0.0141844 -0.0283688 -0.0141844 -0.0283688 -0.0141844 -0.0283688 -0.0141844 -0.0283688 -0.0141844 -0.0283688 -0.0141844 -0.0283688 -0.0141844 -0.0283688 -0.0141844 -0.0070922 
-0.0070922 -0.0283688 -0.0141844 -0.0283688 -0.0141844 -0.0283688 -0.0141844 -0.0283688 -0.0141844 -0.0283688 -0.0141844 -0.0283688 -0.0141844 -0.0283688 -0.0141844 -0.0283688 -0.0141844 -0.0283688 -0.0141844 -0.0283688 -0.0141844 -0.0283688 -0.0141844 -0.0283688 -0.0141844 -0.0283688 -0.0141844 -0.0283688 -0.0141844   0.971631 -0.0141844 -0.0283688 -0.0141844 -0.0283688 -0.0141844 -0.0283688 -0.0141844 -0.0283688 -0.0141844 -0.0283688 -0.0141844 -0.0283688 -0.0141844 -0.0283688 -0.0141844 -0.0283688 -0.0141844 -0.0070922 
-0.0070922 -0.0283688 -0.0141844 -0.0283688 -0.0141844 -0.0283688 -0.0141844 -0.0283688 -0.0141844 -0.0283688 -0.0141844 -0.0283688 -0.0141844 -0.0283688 -0.0141844 -0.0283688 -0.0141844 -0.0283688 -0.0141844 -0.0283688 -0.0141844 -0.0283688 -0.0141844 -0.0283688 -0.0141844 -0.0283688 -0.0141844 -0.0283688 -0.0141844 -0.0283688   0.985816 -0.0283688 -0.0141844 -0.0283688 -0.0141844 -0.0283688 -0.0141844 -0.0283688 -0.0141844 -0.0283688 -0.0141844 -0.0283688 -0.0141844 -0.0283688 -0.0141844 -0.0283688 -0.0141844 -0.0070922 
-0.0070922 -0.0283688 -0.0141844 -0.0283688 -0.0141844 -0.0283688 -0.0141844 -0.0283688 -0.0141844 -0.0283688 -0.0141844 -0.0283688 -0.0141844 -0.0283688 -0.0141844 -0.0283688 -0.0141844 -0.0283688 -0.0141844 -0.0283688 -0.0141844 -0.0283688 -0.0141844 -0.0283688 -0.0141844 -0.0283688 -0.0141844 -0.0283688 -0.0141844 -0.0283688 -0.0141844   0.971631 -0.0141844 -0.0283688 -0.0141844 -0.0283688 -0.0141844 -0.0283688 -0.0141844 -0.0283688 -0.0141844 -0.0283688 -0.0141844 -0.0283688 -0.0141844 -0.0283688 -0.0141844 -0.0070922 
-0.0070922 -0.0283688 -0.0141844 -0.0283688 -0.0141844 -0.0283688 -0.0141844 -0.0283688 -0.0141844 -0.0283688 -0.0141844 -0.0283688 -0.0141844 -0.0283688 -0.0141844 -0.0283688 -0.0141844 -0.0283688 -0.0141844 -0.0283688 -0.0141844 -0.0283688 -0.0141844 -0.0283688 -0.0141844 -0.0283688 -0.0141844 -0.0283688 -0.0141844 -0.0283688 -0.0141844 -0.0283688   0.985816 -0.0283688 -0.0141844 -0.0283688 -0.0141844 -0.0283688 -0.0141844 -0.0283688 -0.0141844 -0.0283688 -0.0141844 -0.0283688 -0.0141844 -0.0283688 -0.0141844 -0.0070922 
-0.0070922 -0.0283688 -0.0141844 -0.0283688 -0.0141844 -0.0283688 -0.0141844 -0.0283688 -0.0141844 -0.0283688 -0.0141844 -0.0283688 -0.0141844 -0.0283688 -0.0141844 -0.0283688 -0.0141844 -0.0283688 -0.0141844 -0.0283688 -0.0141844 -0.0283688 -0.0141844 -0.0283688 -0.0141844 -0.0283688 -0.0141844 -0.0283688 -0.0141844 -0.0283688 -0.0141844 -0.0283688 -0.0141844   0.971631 -0.0141844 -0.0283688 -0.0141844 -0.0283688 -0.0141844 -0.0283688 -0.0141844 -0.0283688 -0.0141844 -0.0283688 -0.0141844 -0.0283688 -0.0141844 -0.0070922 
-0.0070922 -0.0283688 -0.0141844 -0.0283688 -0.0141844 -0.0283688 -0.0141844 -0.0283688 -0.0141844 -0.0283688 -0.0141844 -0.0283688 -0.0141844 -0.0283688 -0.0141844 -0.0283688 -0.0141844 -0.0283688 -0.0141844 -0.0283688 -0.0141844 -0.0283688 -0.0141844 -0.0283688 -0.0141844 -0.0283688 -0.0141844 -0.0283688 -0.0141844 -0.0283688 -0.0141844 -0.0283688 -0.0141844 -0.0283688   0.985816 -0.0283688 -0.0141844 -0.0283688 -0.0141844 -0.0283688 -0.0141844 -0.0283688 -0.0141844 -0.0283688 -0.0141844 -0.0283688 -0.0141844 -0.0070922 
-0.0070922 -0.0283688 -0.0141844 -0.0283688 -0.0141844 -0.0283688 -0.0141844 -0.0283688 -0.0141844 -0.0283688 -0.0141844 -0.0283688 -0.0141844 -0.0283688 -0.0141844 -0.0283688 -0.0141844 -0.0283688 -0.0141844 -0.0283688 -0.0141844 -0.0283688 -0.0141844 -0.0283688 -0.0141844 -0.0283688 -0.0141844 -0.0283688 -0.0141844 -0.0283688 -0.0141844 -0.0283688 -0.0141844 -0.0283688 -0.0141844   0.971631 -0.0141844 -0.0283688 -0.0141844 -0.0283688 -0.0141844 -0.0283688 -0.0141844 -0.0283688 -0.0141844 -0.0283688 -0.0141844 -0.0070922 
-0.0070922 -0.0283688 -0.0141844 -0.0283688 -0.0141844 -0.0283688 -0.0141844 -0.0283688 -0.0141844 -0.0283688 -0.0141844 -0.0283688 -0.0141844 -0.0283688 -0.0141844 -0.0283688 -0.0141844 -0.0283688 -0.0141844 -0.0283688 -0.0141844 -0.0283688 -0.0141844 -0.0283688 -0.0141844 -0.0283688 -0.0141844 -0.0283688 -0.0141844 -0.0283688 -0.0141844 -0.0283688 -0.0141844 -0.0283688 -0.0141844 -0.0283688   0.985816 -0.0283688 -0.0141844 -0.0283688 -0.0141844 -0.0283688 -0.0141844 -0.0283688 -0.0141844 -0.0283688 -0.0141844 -0.0070922 
-0.0070922 -0.0283688 -0.0141844 -0.0283688 -0.0141844 -0.0283688 -0.0141844 -0.0283688 -0.0141844 -0.0283688 -0.0141844 -0.0283688 -0.0141844 -0.0283688 -0.0141844 -0.0283688 -0.0141844 -0.0283688 -0.0141844 -0.0283688 -0.0141844 -0.0283688 -0.0141844 -0.0283688 -0.0141844 -0.0283688 -0.0141844 -0.0283688 -0.0141844 -0.0283688 -0.0141844 -0.0283688 -0.0141844 -0.0283688 -0.0141844 -0.0283688 -0.0141844   0.971631 -0.0141844 -0.0283688 -0.0141844 -0.0283688 -0.0141844 -0.0283688 -0.0141844 -0.0283688 -0.0141844 -0.0070922 
-0.0070922 -0.0283688 -0.0141844 -0.0283688 -0.0141844 -0.0283688 -0.0141844 -0.0283688 -0.0141844 -0.0283688 -0.0141844 -0.0283688 -0.0141844 -0.0283688 -0.0141844 -0.0283688 -0.0141844 -0.0283688 -0.0141844 -0.0283688 -0.0141844 -0.0283688 -0.0141844 -0.0283688 -0.0141844 -0.0283688 -0.0141844 -0.0283688 -0.0141844 -0.0283688 -0.0141844 -0.0283688 -0.0141844 -0.0283688 -0.0141844 -0.0283688 -0.0141844 -0.0283688   0.985816 -0.0283688 -0.0141844 -0.0283688 -0.0141844 -0.0283688 -0.0141844 -0.0283688 -0.0141844 -0.0070922 
-0.0070922 -0.0283688 -0.0141844 -0.0283688 -0.0141844 -0.0283688 -0.0141844 -0.0283688 -0.0141844 -0.0283688 -0.0141844 -0.0283688 -0.0141844 -0.0283688 -0.0141844 -0.0283688 -0.0141844 -0.0283688 -0.0141844 -0.0283688 -0.0141844 -0.0283688 -0.0141844 -0.0283688 -0.0141844 -0.0283688 -0.0141844 -0.0283688 -0.0141844 -0.0283688 -0.0141844 -0.0283688 -0.0141844 -0.0283688 -0.0141844 -0.0283688 -0.0141844 -0.0283688 -0.0141844   0.971631 -0.0141844 -0.0283688 -0.0141844 -0.0283688 -0.0141844 -0.0283688 -0.0141844 -0.0070922 
-0.0070922 -0.0283688 -0.0141844 -0.0283688 -0.0141844 -0.0283688 -0.0141844 -0.0283688 -0.0141844 -0.0283688 -0.0141844 -0.0283688 -0.0141844 -0.0283688 -0.0141844 -0.0283688 -0.0141844 -0.0283688 -0.0141844 -0.0283688 -0.0141844 -0.0283688 -0.0141844 -0.0283688 -0.0141844 -0.0283688 -0.0141844 -0.0283688 -0.0141844 -0.0283688 -0.0141844 -0.0283688 -0.0141844 -0.0283688 -0.0141844 -0.0283688 -0.0141844 -0.0283688 -0.0141844 -0.0283688   0.985816 -0.0283688 -0.0141844 -0.0283688 -0.0141844 -0.0283688 -0.0141844 -0.0070922 
-0.0070922 -0.0283688 -0.0141844 -0.0283688 -0.0141844 -0.0283688 -0.0141844 -0.0283688 -0.0141844 -0.0283688 -0.0141844 -0.0283688 -0.0141844 -0.0283688 -0.0141844 -0.0283688 -0.0141844 -0.0283688 -0.0141844 -0.0283688 -0.0141844 -0.0283688 -0.0141844 -0.0283688 -0.0141844 -0.0283688 -0.0141844 -0.0283688 -0.0141844 -0.0283688 -0.0141844 -0.0283688 -0.0141844 -0.0283688 -0.0141844 -0.0283688 -0.0141844 -0.0283688 -0.0141844 -0.0283688 -0.0141844   0.971631 -0.0141844 -0.0283688 -0.0141844 -0.0283688 -0.0141844 -0.0070922 
-0.0070922 -0.0283688 -0.0141844 -0.0283688 -0.0141844 -0.0283688 -0.0141844 -0.0283688 -0.0141844 -0.0283688 -0.0141844 -0.0283688 -0.0141844 -0.0283688 -0.0141844 -0.0283688 -0.0141844 -0.0283688 -0.0141844 -0.0283688 -0.0141844 -0.0283688 -0.0141844 -0.0283688 -0.0141844 -0.0283688 -0.0141844 -0.0283688 -0.0141844 -0.0283688 -0.0141844 -0.0283688 -0.0141844 -0.0283688 -0.0141844 -0.0283688 -0.0141844 -0.0283688 -0.0141844 -0.0283688 -0.0141844 -0.0283688   0.985816 -0.0283688 -0.0141844 -0.0283688 -0.0141844 -0.0070922 
-0.0070922 -0.0283688 -0.0141844 -0.0283688 -0.0141844 -0.0283688 -0.0141844 -0.0283688 -0.0141844 -0.0283688 -0.0141844 -0.0283688 -0.0141844 -0.0283688 -0.0141844 -0.0283688 -0.0141844 -0.0283688 -0.0141844 -0.0283688 -0.0141844 -0.0283688 -0.0141844 -0.0283688 -0.0141844 -0.0283688 -0.0141844 -0.0283688 -0.0141844 -0.0283688 -0.0141844 -0.0283688 -0.0141844 -0.0283688 -0.0141844 -0.0283688 -0.0141844 -0.0283688 -0.0141844 -0.0283688 -0.0141844 -0.0283688 -0.0141844   0.971631 -0.0141844 -0.0283688 -0.0141844 -0.0070922 
-0.0070922 -0.0283688 -0.0141844 -0.0283688 -0.0141844 -0.0283688 -0.0141844 -0.0283688 -0.0141844 -0.0283688 -0.0141844 -0.0283688 -0.0141844 -0.0283688 -0.0141844 -0.0283688 -0.0141844 -0.0283688 -0.0141844 -0.0283688 -0.0141844 -0.0283688 -0.0141844 -0.0283688 -0.0141844 -0.0283688 -0.0141844 -0.0283688 -0.0141844 -0.0283688 -0.0141844 -0.0283688 -0.0141844 -0.0283688 -0.0141844 -0.0283688 -0.0141844 -0.0283688 -0.0141844 -0.0283688 -0.0141844 -0.0283688 -0.0141844 -0.0283688   0.985816 -0.0283688 -0.0141844 -0.0070922 
-0.0070922 -0.0283688 -0.0141844 -0.0283688 -0.0141844 -0.0283688 -0.0141844 -0.0283688 -0.0141844 -0.0283688 -0.0141844 -0.0283688 -0.0141844 -0.0283688 -0.0141844 -0.0283688 -0.0141844 -0.0283688 -0.0141844 -0.0283688 -0.0141844 -0.0283688 -0.0141844 -0.0283688 -0.0141844 -0.0283688 -0.0141844 -0.0283688 -0.0141844 -0.0283688 -0.0141844 -0.0283688 -0.0141844 -0.0283688 -0.0141844 -0.0283688 -0.0141844 -0.0283688 -0.0141844 -0.0283688 -0.0141844 -0.0283688 -0.0141844 -0.0283688 -0.0141844   0.971631 -0.0141844 -0.0070922 
-0.0070922 -0.0283688 -0.0141844 -0.0283688 -0.0141844 -0.0283688 -0.0141844 -0.0283688 -0.0141844 -0.0283688 -0.0141844 -0.0283688 -0.0141844 -0.0283688 -0.0141844 -0.0283688 -0.0141844 -0.0283688 -0.0141844 -0.0283688 -0.0141844 -0.0283688 -0.0141844 -0.0283688 -0.0141844 -0.0283688 -0.0141844 -0.0283688 -0.0141844 -0.0283688 -0.0141844 -0.0283688 -0.0141844 -0.0283688 -0.0141844 -0.0283688 -0.0141844 -0.0283688 -0.0141844 -0.0283688 -0.0141844 -0.0283688 -0.0141844 -0.0283688 -0.0141844 -0.0283688   0.985816 -0.0070922 
-0.0070922 -0.0283688 -0.0141844 -0.0283688 -0.0141844 -0.0283688 -0.0141844 -0.0283688 -0.0141844 -0.0283688 -0.0141844 -0.0283688 -0.0141844 -0.0283688 -0.0141844 -0.0283688 -0.0141844 -0.0283688 -0.0141844 -0.0283688 -0.0141844 -0.0283688 -0.0141844 -0.0283688 -0.0141844 -0.0283688 -0.0141844 -0.0283688 -0.0141844 -0.0283688 -0.0141844 -0.0283688 -0.0141844 -0.0283688 -0.0141844 -0.0283688 -0.0141844 -0.0283688 -0.0141844 -0.0283688 -0.0141844 -0.0283688 -0.0141844 -0.0283688 -0.0141844 -0.0283688 -0.0141844   0.992908 
